
1	cindy	2015/11/2 13:19	34小时	18	510	1	11	1	0	46	1237	1237
2	jasmine25	2015/8/31 14:13	2小时	0	28	0	0	0	0	1	69	69
3	PAN	2016/2/23 17:04	6小时	3	8	0	0	0	0	1	73	73
4	怀瑾	2016/3/10 18:07	6小时	9	51	1	4	7	2	1	145	145
5	莎洲	2016/3/14 21:53	0小时	0	0	0	0	0	0	0	2	2
6	LMY	2016/9/18 12:50	16小时	3	6	1	0	0	0	0	217	217
7	悠然	2016/9/18 19:33	7小时	8	44	0	1	1	0	76	233	233
8	任洪泽	2016/11/21 9:20	0小时	16	5	0	0	0	0	2	22	22
9	老北	2017/1/17 17:22	2小时	11	34	0	1	0	0	8	80	80
10	shuihudaye	2015/7/11 23:21	111小时	7	70	2	28	6	1	147	915	915
11	jiaguwen	2015/7/15 20:59	3小时	0	4	0	3	1		2	1001	1001
12	信任	2016/11/4 16:04	69小时	17	335	1	104	144	28	204	1438	1438
13	山谷幽兰	2016/11/7 16:59	46小时	18	470	1	133	0	0	730	1979	1979
14	定风波	2016/11/13 18:27	19小时	11	95	5	24	13	5	545	815	815
15	admin	2015/7/11 16:36	282小时	6	53	0	4	5	7	32	530	530
16	ccmm2016	2016/3/10 22:59	12小时	3	15	0	0	0	1	1	66	66
17	德之福	2016/8/25 18:22	41小时	15	55	0	26	2	2	102	1084	1084
18	梅花L	2016/8/29 19:17	73小时	38	96	0	62	1	12	474	1651	1651
19	再读书	2016/8/29 21:23	76小时	30	198	0	94	16	9	208	1589	1589
20	依依	2016/9/27 10:46	31小时	26	184	0	130	4	10	178	1315	1315
21	baifukunlun	2015/7/17 15:25	16小时	4	47	1	2	0	0	83	447	447
22	空杯	2016/8/30 9:34	41小时	26	52	1	22	17	0	273	954	954
23	长江黄河	2016/9/1 14:23	38小时	22	209	0	30	14	2	68	709	709
24	xiaoge	2017/1/12 16:35	3小时	10	35	0	43	4	0	98	328	328
25	绿色城市	2017/1/22 14:36	3小时	8	206	0	25	11	0	104	533	533
26	wofkc	2015/10/30 8:43	37小时	0	0	0	94	0	0	40	204	204
27	zoslr	2015/10/31 21:06	81小时	0	0	0	0	0	0	75	181	181
28	kzojm	2015/11/3 12:39	11小时	0	0	0	0	0	0	53	105	105
29	老潜	2016/11/5 22:10	28小时	7	20	0	0	0	0	57	224	224
30	songyu	2016/11/6 9:23	1小时	4	21	0	9	0	1	23	114	114
31	飞腾	2017/1/3 22:04	13小时	10	35	0	15	0	0	98	278	278
							2	7	18			
